#bin	name	chrom	strand	txStart	txEnd	cdsStart	cdsEnd	exonCount	exonStarts	exonEnds	score	name2	cdsStartStat	cdsEndStat	exonFrames
1139	NM_001281451.1	chr7	-	72726531	72739579	72726916	72738785	7	72726531,72730563,72732685,72732820,72734145,72738386,72739468,	72727506,72730688,72732708,72733051,72734241,72738803,72739579,	0	TRIM50	cmpl	cmpl	1,2,0,0,0,0,-1,
1139	NM_178125.3	chr7	-	72726531	72742085	72726916	72738785	7	72726531,72730563,72732685,72732820,72734145,72738386,72741902,	72727506,72730688,72732708,72733051,72734241,72738803,72742085,	0	TRIM50	cmpl	cmpl	1,2,0,0,0,0,-1,
1139	NM_001281450.1	chr7	-	72726531	72742085	72726916	72738785	7	72726531,72730563,72732685,72732820,72734145,72738386,72741902,	72727506,72730688,72732705,72733051,72734241,72738803,72742085,	0	TRIM50	cmpl	cmpl	1,2,0,0,0,0,-1,
142	NM_001362789.2	chr7	+	72742163	72772634	72742275	72756897	8	72742163,72742577,72743362,72744152,72754639,72755271,72756806,72772189,	72742317,72742695,72743452,72744355,72754834,72755381,72756899,72772634,	0	FKBP6	cmpl	cmpl	0,0,1,1,0,0,2,-1,
142	NM_001135211.3	chr7	+	72742163	72772634	72742275	72756897	9	72742163,72742577,72743362,72744152,72745659,72754639,72755271,72756806,72772189,	72742317,72742695,72743452,72744355,72745779,72754834,72755381,72756899,72772634,	0	FKBP6	cmpl	cmpl	0,0,1,1,0,0,0,2,-1,
142	NM_001281304.2	chr7	+	72742163	72772634	72742431	72756897	8	72742163,72742577,72744152,72745659,72754639,72755271,72756806,72772189,	72742488,72742695,72744355,72745779,72754834,72755381,72756899,72772634,	0	FKBP6	cmpl	cmpl	0,0,1,0,0,0,2,-1,
142	NM_003602.5	chr7	+	72742163	72772634	72742431	72756897	9	72742163,72742577,72743362,72744152,72745659,72754639,72755271,72756806,72772189,	72742488,72742695,72743452,72744355,72745779,72754834,72755381,72756899,72772634,	0	FKBP6	cmpl	cmpl	0,0,1,1,0,0,0,2,-1,
1140	NM_003508.3	chr7	+	72848107	72850450	72848337	72850113	1	72848107,	72850450,	0	FZD9	cmpl	cmpl	0,
142	NM_001370402.1	chr7	-	72854735	72936623	72856525	72936263	19	72854735,72857054,72858313,72861593,72863871,72865176,72873865,72877251,72879768,72880625,72883846,72884674,72891197,72903523,72907129,72912826,72922656,72925065,72936156,	72856883,72857158,72858459,72861709,72864019,72865324,72874048,72877429,72879867,72880731,72883980,72884813,72892899,72903721,72907251,72913028,72922801,72925182,72936623,	0	BAZ1B	cmpl	cmpl	2,0,1,2,1,0,0,2,2,1,2,1,0,0,1,0,2,2,0,
142	NM_032408.4	chr7	-	72854735	72936623	72856525	72936263	20	72854735,72856510,72857054,72858313,72861593,72863871,72865176,72873865,72877251,72879768,72880625,72883846,72884674,72891197,72903523,72907129,72912826,72922656,72925065,72936156,	72856023,72856883,72857158,72858459,72861709,72864019,72865324,72874048,72877429,72879867,72880731,72883980,72884813,72892899,72903721,72907251,72913028,72922801,72925182,72936623,	0	BAZ1B	cmpl	cmpl	-1,2,0,1,2,1,0,0,2,2,1,2,1,0,0,1,0,2,2,0,
1141	NM_001301061.2	chr7	-	72950685	72972020	72951627	72971819	7	72950685,72952263,72954211,72957877,72966496,72967877,72971816,	72951720,72952343,72954382,72957974,72966572,72967999,72972020,	0	BCL7B	cmpl	cmpl	0,1,1,0,2,0,0,
1141	NM_001707.4	chr7	-	72950685	72972020	72951627	72971908	6	72950685,72952263,72954211,72957877,72966496,72971816,	72951720,72952343,72954382,72957974,72966572,72972020,	0	BCL7B	cmpl	cmpl	0,1,1,0,2,0,
1141	NM_001197244.2	chr7	-	72950685	72972020	72951627	72971908	5	72950685,72952263,72957877,72966496,72971816,	72951720,72952343,72957974,72966572,72972020,	0	BCL7B	cmpl	cmpl	0,1,0,2,0,
1141	NR_036682.2	chr7	-	72950685	72971566	72971566	72971566	6	72950685,72952263,72954211,72957877,72966496,72971370,	72951720,72952343,72954382,72957974,72966572,72971566,	0	BCL7B	none	none	-1,-1,-1,-1,-1,-1,
1141	NM_001362663.2	chr7	-	72981866	72992717	72984836	72987752	8	72981866,72985518,72987173,72987649,72988290,72988712,72990870,72992619,	72985302,72985671,72987300,72987801,72988452,72988843,72991031,72992717,	0	TBL2	cmpl	cmpl	2,2,1,0,-1,-1,-1,-1,
1141	NM_001362660.2	chr7	-	72981866	72992909	72984836	72990901	8	72981866,72985518,72987173,72987649,72988267,72988712,72990870,72992749,	72985302,72985671,72987300,72987801,72988452,72988843,72991031,72992909,	0	TBL2	cmpl	cmpl	2,2,1,2,0,1,0,-1,
1141	NM_001362662.2	chr7	-	72981866	72992909	72984836	72987752	8	72981866,72985518,72987173,72987649,72988290,72988712,72990870,72992749,	72985302,72985671,72987300,72987801,72988452,72988843,72991031,72992909,	0	TBL2	cmpl	cmpl	2,2,1,0,-1,-1,-1,-1,
1141	NM_012453.4	chr7	-	72981866	72992909	72984836	72992879	7	72981866,72985518,72987173,72987649,72988267,72988712,72992749,	72985302,72985671,72987300,72987801,72988452,72988843,72992909,	0	TBL2	cmpl	cmpl	2,2,1,2,0,1,0,
1141	NM_001362661.2	chr7	-	72981866	72992909	72984836	72987752	7	72981866,72985518,72987173,72987649,72988290,72988712,72992749,	72985302,72985671,72987300,72987801,72988452,72988843,72992909,	0	TBL2	cmpl	cmpl	2,2,1,0,-1,-1,-1,
1142	NM_032951.3	chr7	-	73007531	73038852	73008194	73038822	17	73007531,73008603,73009966,73010171,73010482,73010693,73010968,73011194,73011511,73013855,73020017,73020239,73021303,73021660,73021919,73030400,73038529,	73008313,73008733,73010090,73010299,73010602,73010809,73011119,73011262,73012043,73014025,73020098,73020441,73021348,73021750,73022002,73030507,73038852,	0	MLXIPL	cmpl	cmpl	1,0,2,0,0,1,0,1,0,1,1,0,0,0,1,2,0,
1142	NM_032952.3	chr7	-	73007531	73038852	73008194	73038822	17	73007531,73008603,73009966,73010171,73010482,73010693,73010968,73011194,73011511,73013855,73020017,73020239,73021303,73021660,73021919,73030400,73038529,	73008313,73008733,73010090,73010242,73010602,73010809,73011119,73011262,73012043,73014025,73020098,73020441,73021348,73021750,73022002,73030507,73038852,	0	MLXIPL	cmpl	cmpl	1,0,2,0,0,1,0,1,0,1,1,0,0,0,1,2,0,
1142	NM_032953.3	chr7	-	73007531	73038852	73008194	73038822	17	73007531,73008603,73009966,73010171,73010482,73010693,73010968,73011194,73011511,73013855,73020017,73020239,73021303,73021660,73021919,73030400,73038529,	73008313,73008733,73010090,73010299,73010596,73010809,73011119,73011262,73012043,73014025,73020098,73020441,73021348,73021750,73022002,73030507,73038852,	0	MLXIPL	cmpl	cmpl	1,0,2,0,0,1,0,1,0,1,1,0,0,0,1,2,0,
1142	NM_032954.3	chr7	-	73007531	73038852	73008194	73038822	17	73007531,73008603,73009966,73010171,73010482,73010693,73010968,73011194,73011511,73013855,73020017,73020239,73021303,73021660,73021919,73030400,73038529,	73008313,73008733,73010090,73010242,73010596,73010809,73011119,73011262,73012043,73014025,73020098,73020441,73021348,73021750,73022002,73030507,73038852,	0	MLXIPL	cmpl	cmpl	1,0,2,0,0,1,0,1,0,1,1,0,0,0,1,2,0,
1142	NR_134541.2	chr7	-	73007531	73038852	73038852	73038852	16	73007531,73008603,73009966,73010171,73010482,73010693,73011194,73011511,73013855,73020017,73020239,73021303,73021660,73021919,73030400,73038529,	73008313,73008733,73010090,73010299,73010602,73010809,73011262,73012043,73014025,73020098,73020441,73021348,73021750,73022002,73030507,73038852,	0	MLXIPL	none	none	-1,-1,-1,-1,-1,-1,-1,-1,-1,-1,-1,-1,-1,-1,-1,-1,
1142	NM_001077621.2	chr7	+	73082160	73086440	73082288	73085706	4	73082160,73083748,73084349,73085343,	73082426,73083920,73084432,73086440,	0	VPS37D	cmpl	cmpl	0,0,1,0,
1142	NM_032317.3	chr7	-	73095247	73097783	73097072	73097753	1	73095247,	73097783,	0	DNAJC30	cmpl	cmpl	0,
1142	NM_017528.5	chr7	+	73097926	73112542	73097955	73112216	12	73097926,73098096,73100965,73101147,73101328,73105245,73106925,73107658,73107953,73108321,73111934,73112161,	73098003,73098134,73101061,73101230,73101425,73105342,73106976,73107744,73107999,73108380,73112024,73112542,	0	BUD23	cmpl	cmpl	0,0,2,2,1,2,0,0,2,0,2,2,
1142	NM_001202560.3	chr7	+	73097926	73112542	73097955	73112216	13	73097926,73098096,73100965,73101147,73101328,73105245,73106925,73107658,73107953,73108321,73111795,73111934,73112161,	73098003,73098134,73101061,73101230,73101425,73105342,73106976,73107744,73107999,73108380,73111846,73112024,73112542,	0	BUD23	cmpl	cmpl	0,0,2,2,1,2,0,0,2,0,2,2,2,
1142	NR_045512.2	chr7	+	73097926	73112542	73112542	73112542	11	73097926,73098096,73100965,73101147,73101328,73106925,73107658,73107953,73108321,73111934,73112161,	73098003,73098134,73101061,73101230,73101425,73106976,73107744,73107999,73108380,73112024,73112542,	0	BUD23	none	none	-1,-1,-1,-1,-1,-1,-1,-1,-1,-1,-1,
1142	NR_037776.3	chr7	+	73097926	73112542	73112542	73112542	12	73097926,73098096,73100965,73101147,73101328,73105245,73106925,73107658,73107953,73108321,73111934,73112161,	73098003,73098330,73101061,73101230,73101425,73105342,73106976,73107744,73107999,73108380,73112024,73112542,	0	BUD23	none	none	-1,-1,-1,-1,-1,-1,-1,-1,-1,-1,-1,-1,
1142	NM_004603.4	chr7	-	73113539	73133999	73114736	73133961	10	73113539,73115059,73117174,73118084,73118477,73118679,73119479,73122918,73123374,73133931,	73114814,73115170,73117312,73118158,73118586,73118753,73119554,73123018,73123452,73133999,	0	STX1A	cmpl	cmpl	0,0,0,1,0,1,1,0,0,0,
1142	NM_001165903.2	chr7	-	73113539	73133999	73114801	73133961	10	73113539,73115059,73117174,73118084,73118477,73118679,73119479,73122918,73123374,73133931,	73114814,73115124,73117312,73118158,73118586,73118753,73119554,73123018,73123452,73133999,	0	STX1A	cmpl	cmpl	2,0,0,1,0,1,1,0,0,0,
1142	NR_036247.1	chr7	+	73125646	73125727	73125727	73125727	1	73125646,	73125727,	0	MIR4284	none	none	-1,
1143	NR_026690.1	chr7	+	73149398	73150330	73150330	73150330	4	73149398,73149570,73150057,73150259,	73149420,73149829,73150178,73150330,	0	ABHD11-AS1	none	none	-1,-1,-1,-1,
1143	NM_148912.4	chr7	-	73150423	73153132	73150888	73153100	6	73150423,73151258,73151550,73151891,73152657,73152975,	73151021,73151440,73151721,73152065,73152793,73153132,	0	ABHD11	cmpl	cmpl	2,0,0,0,2,0,
1143	NM_001145364.3	chr7	-	73150423	73153132	73150888	73153100	5	73150423,73151258,73151891,73152657,73152975,	73151021,73151440,73152065,73152793,73153132,	0	ABHD11	cmpl	cmpl	2,0,0,2,0,
1143	NM_001301058.2	chr7	-	73150423	73153132	73151003	73153100	4	73150423,73151891,73152657,73152975,	73151021,73152065,73152793,73153132,	0	ABHD11	cmpl	cmpl	0,0,2,0,
1143	NM_148913.4	chr7	-	73150423	73153132	73150888	73153100	6	73150423,73151258,73151550,73151891,73152657,73152975,	73151021,73151440,73151721,73152065,73152772,73153132,	0	ABHD11	cmpl	cmpl	2,0,0,0,2,0,
1143	NR_135627.2	chr7	-	73150423	73153132	73153132	73153132	5	73150423,73151258,73151891,73152657,73152975,	73151021,73151550,73152065,73152793,73153132,	0	ABHD11	none	none	-1,-1,-1,-1,-1,
1143	NR_169872.1	chr7	-	73150423	73153132	73153132	73153132	6	73150423,73151258,73151550,73151891,73152662,73152975,	73151021,73151440,73151721,73152065,73152793,73153132,	0	ABHD11	none	none	-1,-1,-1,-1,-1,-1,
1143	NM_001306.4	chr7	-	73183326	73184600	73183716	73184379	1	73183326,	73184600,	0	CLDN3	cmpl	cmpl	0,
1143	NM_001305.5	chr7	+	73245325	73247020	73245531	73246161	1	73245325,	73247020,	0	CLDN4	cmpl	cmpl	0,
1143	NM_152559.3	chr7	-	73248919	73256846	73249072	73256470	6	73248919,73254360,73254743,73255399,73256347,73256819,	73249332,73254450,73254879,73255528,73256474,73256846,	0	METTL27	cmpl	cmpl	1,1,0,0,0,-1,
1144	NM_182504.4	chr7	+	73275488	73280220	73275524	73280203	3	73275488,73279322,73279906,	73275596,73279751,73280220,	0	TMEM270	cmpl	cmpl	0,0,0,
1145	NM_001278918.2	chr7	+	73442502	73484237	73442517	73483030	28	73442502,73449693,73452036,73455545,73456943,73457313,73457447,73458208,73461025,73462004,73462471,73462832,73466079,73466253,73467492,73469045,73470600,73471001,73474215,73474469,73474705,73475430,73477482,73477639,73477950,73480023,73481061,73482986,	73442599,73449744,73452069,73455581,73457036,73457364,73457498,73458250,73461097,73462046,73462531,73462886,73466169,73466313,73467639,73469099,73470687,73471043,73474377,73474514,73474831,73475469,73477554,73477699,73478025,73480062,73481106,73484237,	0	ELN	cmpl	cmpl	0,1,1,1,1,1,1,1,1,1,1,1,1,1,1,1,1,1,1,1,1,1,1,1,1,1,1,1,
1145	NM_001081752.3	chr7	+	73442502	73484237	73442517	73483030	30	73442502,73449693,73452036,73455545,73456943,73457313,73457447,73458208,73459551,73460517,73461025,73462004,73462471,73462832,73466079,73466253,73467492,73469045,73470600,73471001,73474215,73474469,73474705,73475430,73477482,73477639,73477950,73480023,73481061,73482986,	73442599,73449744,73452069,73455581,73457036,73457364,73457498,73458250,73459623,73460547,73461097,73462046,73462531,73462886,73466169,73466313,73467639,73469099,73470765,73471043,73474377,73474514,73474831,73475469,73477554,73477699,73478025,73480062,73481106,73484237,	0	ELN	cmpl	cmpl	0,1,1,1,1,1,1,1,1,1,1,1,1,1,1,1,1,1,1,1,1,1,1,1,1,1,1,1,1,1,
1145	NM_001278917.2	chr7	+	73442502	73484237	73442517	73483030	32	73442502,73449693,73452036,73455545,73456943,73457313,73457447,73458208,73459551,73460517,73461025,73462004,73462471,73462832,73466079,73466253,73467492,73469045,73470600,73471001,73471969,73474215,73474469,73474705,73475430,73477482,73477639,73477950,73480023,73480273,73481061,73482986,	73442599,73449744,73452069,73455581,73457036,73457364,73457498,73458250,73459623,73460547,73461097,73462046,73462531,73462886,73466169,73466313,73467639,73469099,73470765,73471043,73472026,73474377,73474514,73474831,73475469,73477554,73477699,73478025,73480062,73480327,73481106,73484237,	0	ELN	cmpl	cmpl	0,1,1,1,1,1,1,1,1,1,1,1,1,1,1,1,1,1,1,1,1,1,1,1,1,1,1,1,1,1,1,1,
1145	NM_001278914.2	chr7	+	73442502	73484237	73442517	73483030	31	73442502,73449693,73452036,73455545,73456943,73457313,73457432,73458208,73459551,73460517,73461025,73462004,73462471,73462832,73466079,73466253,73467492,73469045,73470600,73471001,73474215,73474469,73474705,73475430,73477482,73477639,73477950,73480023,73480273,73481061,73482986,	73442599,73449744,73452069,73455581,73457036,73457364,73457498,73458250,73459623,73460547,73461097,73462046,73462531,73462886,73466169,73466313,73467639,73469099,73470765,73471043,73474377,73474514,73474831,73475469,73477554,73477699,73478025,73480062,73480327,73481106,73484237,	0	ELN	cmpl	cmpl	0,1,1,1,1,1,1,1,1,1,1,1,1,1,1,1,1,1,1,1,1,1,1,1,1,1,1,1,1,1,1,
1145	NM_001278913.2	chr7	+	73442502	73484237	73442517	73483030	29	73442502,73449693,73450884,73452036,73456943,73457313,73457447,73458208,73459551,73461025,73462471,73462832,73466079,73466253,73467492,73469045,73470600,73471001,73474215,73474469,73474705,73475430,73477482,73477639,73477950,73480023,73480273,73481061,73482986,	73442599,73449744,73450914,73452069,73457036,73457364,73457498,73458250,73459623,73461097,73462531,73462886,73466169,73466313,73467639,73469099,73470687,73471043,73474377,73474514,73474831,73475469,73477554,73477699,73478025,73480062,73480327,73481106,73484237,	0	ELN	cmpl	cmpl	0,1,1,1,1,1,1,1,1,1,1,1,1,1,1,1,1,1,1,1,1,1,1,1,1,1,1,1,1,
1145	NM_001278916.2	chr7	+	73442502	73484237	73442517	73483030	29	73442502,73449693,73450884,73452036,73455545,73456943,73457313,73457447,73458208,73459551,73460517,73461025,73462471,73462832,73466079,73466253,73467492,73469045,73470600,73471001,73474215,73474705,73475430,73477482,73477639,73477950,73480023,73481061,73482986,	73442599,73449744,73450914,73452069,73455581,73457036,73457364,73457498,73458250,73459623,73460547,73461097,73462531,73462886,73466169,73466313,73467639,73469099,73470765,73471043,73474377,73474831,73475469,73477554,73477699,73478025,73480062,73481106,73484237,	0	ELN	cmpl	cmpl	0,1,1,1,1,1,1,1,1,1,1,1,1,1,1,1,1,1,1,1,1,1,1,1,1,1,1,1,1,
1145	NM_001081755.3	chr7	+	73442502	73484237	73442517	73483030	32	73442502,73449693,73450884,73452036,73455545,73456943,73457313,73457447,73458208,73459551,73460517,73461025,73462004,73462471,73462832,73466079,73466253,73467492,73469045,73470600,73471001,73474215,73474469,73474705,73475430,73477482,73477639,73477950,73480023,73480273,73481061,73482986,	73442599,73449744,73450914,73452069,73455581,73457036,73457364,73457498,73458250,73459623,73460547,73461097,73462046,73462531,73462886,73466169,73466313,73467639,73469099,73470765,73471043,73474377,73474514,73474831,73475469,73477554,73477699,73478025,73480062,73480327,73481106,73484237,	0	ELN	cmpl	cmpl	0,1,1,1,1,1,1,1,1,1,1,1,1,1,1,1,1,1,1,1,1,1,1,1,1,1,1,1,1,1,1,1,
1145	NM_001278912.2	chr7	+	73442502	73484237	73442517	73483030	32	73442502,73449693,73450884,73452036,73455545,73456943,73457313,73457447,73458208,73459551,73460517,73461025,73462004,73462471,73462832,73466079,73466253,73467492,73469045,73470600,73471001,73471969,73474215,73474469,73474705,73475430,73477482,73477639,73477950,73480023,73481061,73482986,	73442599,73449744,73450914,73452069,73455581,73457036,73457364,73457498,73458250,73459623,73460547,73461097,73462046,73462531,73462886,73466169,73466313,73467639,73469099,73470765,73471043,73472026,73474377,73474514,73474831,73475469,73477554,73477699,73478025,73480062,73481106,73484237,	0	ELN	cmpl	cmpl	0,1,1,1,1,1,1,1,1,1,1,1,1,1,1,1,1,1,1,1,1,1,1,1,1,1,1,1,1,1,1,1,
1145	NM_000501.4	chr7	+	73442502	73484237	73442517	73483030	33	73442502,73449693,73450884,73452036,73455545,73456943,73457313,73457447,73458208,73459551,73460517,73461025,73462004,73462471,73462832,73466079,73466253,73467492,73469045,73470600,73471001,73471969,73474215,73474469,73474705,73475430,73477482,73477639,73477950,73480023,73480273,73481061,73482986,	73442599,73449744,73450914,73452069,73455581,73457036,73457364,73457498,73458250,73459623,73460547,73461097,73462046,73462531,73462886,73466169,73466313,73467639,73469099,73470765,73471043,73472026,73474377,73474514,73474831,73475469,73477554,73477699,73478025,73480062,73480327,73481106,73484237,	0	ELN	cmpl	cmpl	0,1,1,1,1,1,1,1,1,1,1,1,1,1,1,1,1,1,1,1,1,1,1,1,1,1,1,1,1,1,1,1,1,
1145	NM_001278915.2	chr7	+	73442502	73484237	73442517	73483030	33	73442502,73449693,73450884,73452036,73455545,73456943,73457313,73457447,73458208,73459551,73460517,73461025,73462004,73462471,73462832,73466079,73466253,73467492,73469045,73470600,73471001,73471969,73474197,73474469,73474705,73475430,73477482,73477639,73477950,73480023,73480273,73481061,73482986,	73442599,73449744,73450914,73452069,73455581,73457036,73457364,73457498,73458250,73459623,73460547,73461097,73462046,73462531,73462886,73466169,73466313,73467639,73469099,73470765,73471043,73472026,73474377,73474514,73474831,73475469,73477554,73477699,73478025,73480062,73480327,73481106,73484237,	0	ELN	cmpl	cmpl	0,1,1,1,1,1,1,1,1,1,1,1,1,1,1,1,1,1,1,1,1,1,1,1,1,1,1,1,1,1,1,1,1,
1145	NM_001278939.2	chr7	+	73442502	73484237	73442517	73483030	34	73442502,73449693,73450884,73452036,73455545,73456943,73457313,73457447,73458208,73459551,73460517,73461025,73462004,73462471,73462832,73466079,73466253,73467492,73469045,73470600,73471001,73471711,73471969,73474215,73474469,73474705,73475430,73477482,73477639,73477950,73480023,73480273,73481061,73482986,	73442599,73449744,73450914,73452069,73455581,73457036,73457364,73457498,73458250,73459623,73460547,73461097,73462046,73462531,73462886,73466169,73466313,73467639,73469099,73470765,73471043,73471798,73472026,73474377,73474514,73474930,73475469,73477554,73477699,73478025,73480062,73480327,73481106,73484237,	0	ELN	cmpl	cmpl	0,1,1,1,1,1,1,1,1,1,1,1,1,1,1,1,1,1,1,1,1,1,1,1,1,1,1,1,1,1,1,1,1,1,
1145	NM_001081753.3	chr7	+	73442502	73484237	73442517	73483030	31	73442502,73449693,73450884,73452036,73455545,73456943,73457313,73457432,73458208,73459551,73460517,73461025,73462004,73462471,73462832,73466079,73466253,73467492,73469045,73470600,73471001,73474215,73474469,73474705,73475430,73477482,73477639,73477950,73480023,73481061,73482986,	73442599,73449744,73450914,73452069,73455581,73457036,73457364,73457498,73458250,73459623,73460547,73461097,73462046,73462531,73462886,73466169,73466313,73467639,73469099,73470765,73471043,73474377,73474514,73474831,73475469,73477554,73477699,73478025,73480062,73481106,73484237,	0	ELN	cmpl	cmpl	0,1,1,1,1,1,1,1,1,1,1,1,1,1,1,1,1,1,1,1,1,1,1,1,1,1,1,1,1,1,1,
1145	NM_001081754.3	chr7	+	73442502	73484237	73442517	73483030	32	73442502,73449693,73450884,73452036,73455545,73456943,73457313,73457432,73458208,73459551,73460517,73461025,73462004,73462471,73462832,73466079,73466253,73467492,73469045,73470600,73471001,73471969,73474215,73474469,73474705,73475430,73477482,73477639,73477950,73480023,73481061,73482986,	73442599,73449744,73450914,73452069,73455581,73457036,73457364,73457498,73458250,73459623,73460547,73461097,73462046,73462531,73462886,73466169,73466313,73467639,73469099,73470765,73471043,73472026,73474377,73474514,73474831,73475469,73477554,73477699,73478025,73480062,73481106,73484237,	0	ELN	cmpl	cmpl	0,1,1,1,1,1,1,1,1,1,1,1,1,1,1,1,1,1,1,1,1,1,1,1,1,1,1,1,1,1,1,1,
143	NM_002314.4	chr7	+	73498133	73536855	73498320	73535631	16	73498133,73500077,73510951,73511409,73513361,73520204,73520406,73521339,73522200,73523234,73525977,73526262,73530131,73534912,73535221,73535468,	73498375,73500174,73511090,73511519,73513568,73520310,73520573,73521523,73522287,73523366,73526037,73526328,73530288,73534968,73535379,73536855,	0	LIMK1	cmpl	cmpl	0,1,2,0,2,2,0,2,0,0,0,0,0,1,0,2,
143	NM_001204426.2	chr7	+	73507546	73536855	73507579	73535631	15	73507546,73510951,73511409,73513361,73520204,73520406,73521339,73522200,73523234,73525977,73526262,73530131,73534912,73535221,73535468,	73507629,73511090,73511519,73513568,73520310,73520573,73521523,73522287,73523366,73526037,73526328,73530288,73534968,73535379,73536855,	0	LIMK1	cmpl	cmpl	0,2,0,2,2,0,2,0,0,0,0,0,1,0,2,
1146	NM_031992.2	chr7	+	73588685	73611426	73588713	73609638	6	73588685,73601940,73604002,73604151,73609070,73609498,	73588772,73602128,73604067,73604248,73609208,73611426,	0	EIF4H	cmpl	cmpl	0,2,1,0,1,1,
1146	NM_022170.2	chr7	+	73588685	73611426	73588713	73609638	7	73588685,73601940,73604002,73604151,73604576,73609070,73609498,	73588772,73602128,73604067,73604248,73604636,73609208,73611426,	0	EIF4H	cmpl	cmpl	0,2,1,0,1,1,1,
1146	NR_030321.1	chr7	+	73605527	73605624	73605624	73605624	1	73605527,	73605624,	0	MIR590	none	none	-1,
1146	NM_014146.4	chr7	+	73624335	73644164	73630305	73639072	13	73624335,73630276,73631154,73634073,73634289,73634546,73634913,73635033,73635966,73638053,73638347,73638968,73643273,	73624418,73630399,73631194,73634117,73634338,73634584,73634949,73635064,73636022,73638113,73638527,73639090,73644164,	0	LAT2	cmpl	cmpl	-1,0,1,2,1,2,1,1,2,1,1,1,-1,
1146	NM_032463.3	chr7	+	73624335	73644164	73630305	73639072	14	73624335,73629151,73630276,73631154,73634073,73634289,73634546,73634913,73635033,73635966,73638053,73638347,73638968,73643273,	73624418,73629270,73630399,73631194,73634117,73634338,73634584,73634949,73635064,73636022,73638113,73638527,73639090,73644164,	0	LAT2	cmpl	cmpl	-1,-1,0,1,2,1,2,1,1,2,1,1,1,-1,
1146	NM_032464.3	chr7	+	73624335	73644164	73630305	73639072	14	73624335,73629151,73630276,73631154,73634073,73634289,73634546,73634913,73635033,73635966,73638053,73638347,73638968,73643273,	73624418,73629340,73630399,73631194,73634117,73634338,73634584,73634949,73635064,73636022,73638113,73638527,73639090,73644164,	0	LAT2	cmpl	cmpl	-1,-1,0,1,2,1,2,1,1,2,1,1,1,-1,
143	NM_001278791.2	chr7	-	73645831	73668729	73646435	73663370	11	73645831,73649861,73651691,73653252,73654267,73657475,73660991,73663341,73664068,73666758,73668600,	73646546,73649975,73651772,73653318,73654425,73657576,73661093,73663550,73664110,73666828,73668729,	0	RFC2	cmpl	cmpl	0,0,0,0,1,2,2,0,-1,-1,-1,
143	NM_001278793.2	chr7	-	73645831	73668729	73646435	73663370	10	73645831,73649861,73651691,73653252,73654267,73657475,73663341,73664068,73666758,73668600,	73646546,73649975,73651772,73653318,73654425,73657576,73663550,73664110,73666828,73668729,	0	RFC2	cmpl	cmpl	0,0,0,0,1,2,0,-1,-1,-1,
143	NM_181471.3	chr7	-	73645831	73668729	73646435	73668713	11	73645831,73649861,73651691,73653252,73654267,73657475,73660991,73663341,73664068,73666758,73668600,	73646546,73649975,73651772,73653318,73654425,73657576,73661093,73663448,73664110,73666828,73668729,	0	RFC2	cmpl	cmpl	0,0,0,0,1,2,2,0,0,2,0,
143	NM_002914.5	chr7	-	73645831	73668729	73646435	73668713	10	73645831,73649861,73651691,73653252,73654267,73657475,73663341,73664068,73666758,73668600,	73646546,73649975,73651772,73653318,73654425,73657576,73663448,73664110,73666828,73668729,	0	RFC2	cmpl	cmpl	0,0,0,0,1,2,0,0,2,0,
143	NM_001278792.2	chr7	-	73645831	73668729	73646435	73664091	10	73645831,73649861,73651691,73653252,73654267,73657475,73660991,73664068,73666758,73668600,	73646546,73649975,73651772,73653318,73654425,73657576,73661093,73664110,73666828,73668729,	0	RFC2	cmpl	cmpl	0,0,0,0,1,2,2,0,-1,-1,
143	NM_032421.3	chr7	+	73703736	73820265	73731876	73818178	16	73703736,73731809,73752777,73768209,73770739,73771609,73774504,73778584,73790216,73795135,73800850,73803432,73811403,73814699,73815834,73818166,	73704064,73731997,73753334,73768334,73770953,73771807,73774608,73778645,73791152,73795193,73800934,73803589,73811563,73814885,73815897,73820265,	0	CLIP2	cmpl	cmpl	-1,0,1,0,2,0,0,2,0,0,1,1,2,0,0,0,
143	NM_003388.5	chr7	+	73703736	73820265	73731876	73818178	17	73703736,73731809,73752777,73768209,73770739,73771609,73774504,73778584,73787261,73790216,73795135,73800850,73803432,73811403,73814699,73815834,73818166,	73704064,73731997,73753334,73768334,73770953,73771807,73774608,73778645,73787366,73791152,73795193,73800934,73803589,73811563,73814885,73815897,73820265,	0	CLIP2	cmpl	cmpl	-1,0,1,0,2,0,0,2,0,0,0,1,1,2,0,0,0,
143	NM_005685.4	chr7	+	73868235	74016931	73922410	74016760	27	73868235,73922404,73927159,73929770,73932468,73933738,73935537,73938400,73944063,73949442,73950496,73952465,73953009,73954208,73959084,73960073,73961432,73969503,73969767,73971968,73973190,73973956,74004179,74005153,74009340,74015370,74016691,	73868506,73922533,73927301,73929926,73932652,73934049,73935627,73938484,73944247,73949468,73950605,73952503,73953090,73954298,73959132,73960139,73961616,73969553,73969824,73972052,73973374,73973985,74004257,74005346,74009378,74015507,74016931,	0	GTF2IRD1	cmpl	cmpl	-1,0,0,1,1,2,1,1,1,2,1,2,1,1,1,1,1,2,1,1,1,2,1,1,2,1,0,
143	NM_016328.3	chr7	+	73868235	74016931	73922410	74016760	27	73868235,73922404,73927159,73929770,73932468,73933738,73935537,73938400,73944063,73949442,73950496,73952465,73953009,73954208,73959084,73960073,73961432,73969503,73969722,73971968,73973190,73973956,74004179,74005153,74009340,74015370,74016691,	73868506,73922533,73927301,73929926,73932652,73934049,73935627,73938484,73944247,73949468,73950605,73952503,73953090,73954298,73959132,73960139,73961616,73969553,73969824,73972052,73973374,73973985,74004257,74005346,74009378,74015507,74016931,	0	GTF2IRD1	cmpl	cmpl	-1,0,0,1,1,2,1,1,1,2,1,2,1,1,1,1,1,2,1,1,1,2,1,1,2,1,0,
143	NM_001199207.2	chr7	+	73868235	74016931	73922410	74016760	27	73868235,73922404,73927159,73929674,73932468,73933738,73935537,73938400,73944063,73949442,73950496,73952465,73953009,73954208,73959084,73960073,73961432,73969503,73969767,73971968,73973190,73973956,74004179,74005153,74009340,74015370,74016691,	73868506,73922533,73927301,73929926,73932652,73934049,73935627,73938484,73944247,73949468,73950605,73952503,73953090,73954298,73959132,73960139,73961616,73969553,73969824,73972052,73973374,73973985,74004257,74005346,74009378,74015507,74016931,	0	GTF2IRD1	cmpl	cmpl	-1,0,0,1,1,2,1,1,1,2,1,2,1,1,1,1,1,2,1,1,1,2,1,1,2,1,0,
1149	NR_162116.1	chr7	+	74010294	74010353	74010353	74010353	1	74010294,	74010353,	0	MIR10525	none	none	-1,
1150	NM_001280800.2	chr7	+	74072043	74131386	74103462	74131275	10	74072043,74103457,74105304,74113290,74114576,74114935,74119495,74120720,74125362,74131213,	74072394,74103561,74105443,74113425,74114760,74114964,74119550,74120764,74125440,74131386,	0	GTF2I	cmpl	cmpl	-1,0,0,1,1,2,1,2,1,1,
1150	NM_001518.5	chr7	+	74072043	74175022	74103462	74173168	33	74072043,74103457,74105304,74113290,74114576,74114935,74119495,74120720,74125362,74131213,74143123,74144566,74146819,74148264,74149802,74150841,74152386,74157787,74159096,74160221,74160675,74162351,74163361,74163604,74165692,74166421,74167425,74168177,74169840,74171151,74172291,74173109,74173877,	74072394,74103561,74105443,74113425,74114760,74114964,74119550,74120764,74125440,74131270,74143234,74144632,74147003,74148323,74149874,74151025,74152445,74157859,74159280,74160280,74160750,74162453,74163427,74163788,74165748,74166502,74167509,74168361,74169869,74171193,74172333,74173185,74175022,	0	GTF2I	cmpl	cmpl	-1,0,0,1,1,2,1,2,1,1,1,1,1,2,1,1,2,1,1,2,1,1,1,1,2,1,1,1,2,1,1,1,-1,
1150	NM_033000.4	chr7	+	74072043	74175022	74103462	74173168	34	74072043,74103457,74105304,74113290,74114576,74114935,74119495,74120720,74125362,74131213,74133197,74143123,74144566,74146819,74148264,74149802,74150841,74152386,74157787,74159096,74160221,74160675,74162351,74163361,74163604,74165692,74166421,74167425,74168177,74169840,74171151,74172291,74173109,74173877,	74072394,74103561,74105443,74113425,74114760,74114964,74119550,74120764,74125440,74131270,74133260,74143234,74144632,74147003,74148323,74149874,74151025,74152445,74157859,74159280,74160280,74160750,74162453,74163427,74163788,74165748,74166502,74167509,74168361,74169869,74171193,74172333,74173185,74175022,	0	GTF2I	cmpl	cmpl	-1,0,0,1,1,2,1,2,1,1,1,1,1,1,2,1,1,2,1,1,2,1,1,1,1,2,1,1,1,2,1,1,1,-1,
1150	NM_001163636.3	chr7	+	74072043	74175022	74103462	74173168	34	74072043,74103457,74105304,74113290,74114576,74114935,74119495,74120720,74125362,74129179,74131213,74143123,74144566,74146819,74148264,74149802,74150841,74152386,74157787,74159096,74160221,74160675,74162351,74163361,74163604,74165692,74166421,74167425,74168177,74169840,74171151,74172291,74173109,74173877,	74072394,74103561,74105443,74113425,74114760,74114964,74119550,74120764,74125440,74129236,74131270,74143234,74144632,74147003,74148323,74149874,74151025,74152445,74157859,74159280,74160280,74160750,74162453,74163427,74163788,74165748,74166502,74167509,74168361,74169869,74171193,74172333,74173185,74175022,	0	GTF2I	cmpl	cmpl	-1,0,0,1,1,2,1,2,1,1,1,1,1,1,2,1,1,2,1,1,2,1,1,1,1,2,1,1,1,2,1,1,1,-1,
1150	NM_033001.4	chr7	+	74072043	74175022	74103462	74173168	34	74072043,74103457,74105304,74113290,74114576,74114935,74119495,74120720,74125362,74129176,74131213,74143123,74144566,74146819,74148264,74149802,74150841,74152386,74157787,74159096,74160221,74160675,74162351,74163361,74163604,74165692,74166421,74167425,74168177,74169840,74171151,74172291,74173109,74173877,	74072394,74103561,74105443,74113425,74114760,74114964,74119550,74120764,74125440,74129236,74131270,74143234,74144632,74147003,74148323,74149874,74151025,74152445,74157859,74159280,74160280,74160750,74162453,74163427,74163788,74165748,74166502,74167509,74168361,74169869,74171193,74172333,74173185,74175022,	0	GTF2I	cmpl	cmpl	-1,0,0,1,1,2,1,2,1,1,1,1,1,1,2,1,1,2,1,1,2,1,1,1,1,2,1,1,1,2,1,1,1,-1,
1150	NM_032999.4	chr7	+	74072043	74175022	74103462	74173168	35	74072043,74103457,74105304,74113290,74114576,74114935,74119495,74120720,74125362,74129176,74131213,74133197,74143123,74144566,74146819,74148264,74149802,74150841,74152386,74157787,74159096,74160221,74160675,74162351,74163361,74163604,74165692,74166421,74167425,74168177,74169840,74171151,74172291,74173109,74173877,	74072394,74103561,74105443,74113425,74114760,74114964,74119550,74120764,74125440,74129236,74131270,74133260,74143234,74144632,74147003,74148323,74149874,74151025,74152445,74157859,74159280,74160280,74160750,74162453,74163427,74163788,74165748,74166502,74167509,74168361,74169869,74171193,74172333,74173185,74175022,	0	GTF2I	cmpl	cmpl	-1,0,0,1,1,2,1,2,1,1,1,1,1,1,1,2,1,1,2,1,1,2,1,1,1,1,2,1,1,1,2,1,1,1,-1,
1150	NR_110044.1	chr7	-	74103270	74143256	74143256	74143256	4	74103270,74114539,74141739,74143042,	74103605,74114710,74141860,74143256,	0	GTF2I-AS1	none	none	-1,-1,-1,-1,
1151	NM_000265.7	chr7	+	74188357	74203659	74188378	74203504	11	74188357,74191612,74193427,74193602,74195125,74197281,74197867,74199527,74202327,74202902,74203382,	74188450,74191693,74193503,74193768,74195181,74197404,74197975,74199645,74202432,74203048,74203659,	0	NCF1	cmpl	cmpl	0,0,0,1,2,1,1,1,2,2,1,
1151	NM_001388085.1	chr7	-	74210489	74235167	74211000	74234614	10	74210489,74216310,74217638,74219117,74221274,74223444,74225429,74227271,74234083,74234498,	74212604,74216354,74217822,74219201,74221352,74223510,74225486,74227349,74234127,74235167,	0	GTF2IRD2	cmpl	cmpl	1,2,1,1,1,1,1,1,2,0,
1151	NM_001388460.1	chr7	-	74210489	74235167	74212468	74234614	9	74210489,74217638,74219117,74221274,74223444,74225429,74227271,74234083,74234498,	74212604,74217822,74219201,74221352,74223510,74225486,74227349,74234127,74235167,	0	GTF2IRD2	cmpl	cmpl	2,1,1,1,1,1,1,2,0,
1151	NM_001388086.1	chr7	-	74210489	74235167	74211000	74234614	9	74210489,74216325,74217638,74219117,74221274,74225429,74227271,74234083,74234498,	74212604,74216354,74217822,74219201,74221352,74225486,74227349,74234127,74235167,	0	GTF2IRD2	cmpl	cmpl	1,2,1,1,1,1,1,2,0,
1151	NM_001388461.1	chr7	-	74210489	74235167	74212468	74234614	8	74210489,74217638,74219117,74221274,74223444,74225429,74234083,74234498,	74212604,74217822,74219201,74221352,74223510,74225486,74234127,74235167,	0	GTF2IRD2	cmpl	cmpl	2,1,1,1,1,1,2,0,
1151	NM_001368300.2	chr7	-	74210489	74267901	74211000	74265912	17	74210489,74216325,74217638,74219117,74221274,74223444,74225429,74227271,74234083,74234498,74236954,74237151,74239461,74247927,74251401,74265431,74267662,	74212604,74216354,74217822,74219201,74221352,74223510,74225486,74227349,74234127,74234553,74236983,74237335,74239581,74248066,74251505,74266610,74267901,	0	GTF2IRD2	cmpl	cmpl	1,2,1,1,1,1,1,1,2,1,2,1,1,0,1,0,-1,
1151	NM_001388079.1	chr7	-	74210489	74267901	74211000	74251500	16	74210489,74216310,74217638,74219117,74221274,74223444,74225429,74227271,74234083,74234498,74236954,74237151,74239461,74247927,74251401,74267662,	74212604,74216354,74217822,74219201,74221352,74223510,74225486,74227349,74234127,74234553,74236983,74237335,74239581,74248066,74251505,74267901,	0	GTF2IRD2	cmpl	cmpl	1,2,1,1,1,1,1,1,2,1,2,1,1,0,0,-1,
1151	NM_173537.5	chr7	-	74210489	74267901	74211000	74251500	16	74210489,74216325,74217638,74219117,74221274,74223444,74225429,74227271,74234083,74234498,74236954,74237151,74239461,74247927,74251401,74267662,	74212604,74216354,74217822,74219201,74221352,74223510,74225486,74227349,74234127,74234553,74236983,74237335,74239581,74248066,74251505,74267901,	0	GTF2IRD2	cmpl	cmpl	1,2,1,1,1,1,1,1,2,1,2,1,1,0,0,-1,
1151	NM_001388088.1	chr7	-	74210489	74267901	74212468	74251500	15	74210489,74217638,74219117,74221274,74223444,74225429,74227271,74234083,74234498,74236954,74237151,74239461,74247927,74251401,74267662,	74212604,74217822,74219201,74221352,74223510,74225486,74227349,74234127,74234553,74236983,74237335,74239581,74248066,74251505,74267901,	0	GTF2IRD2	cmpl	cmpl	2,1,1,1,1,1,1,2,1,2,1,1,0,0,-1,
1151	NM_001388089.1	chr7	-	74210489	74267901	74212586	74251500	15	74210489,74216325,74219117,74221274,74223444,74225429,74227271,74234083,74234498,74236954,74237151,74239461,74247927,74251401,74267662,	74212604,74216354,74219201,74221352,74223510,74225486,74227349,74234127,74234553,74236983,74237335,74239581,74248066,74251505,74267901,	0	GTF2IRD2	cmpl	cmpl	0,1,1,1,1,1,1,2,1,2,1,1,0,0,-1,
1151	NM_001388084.1	chr7	-	74210489	74267901	74211000	74251500	14	74210489,74219117,74221274,74223444,74225429,74227271,74234083,74234498,74236954,74237151,74239461,74247927,74251401,74267662,	74212604,74219201,74221352,74223510,74225486,74227349,74234127,74234553,74236983,74237335,74239581,74248066,74251505,74267901,	0	GTF2IRD2	cmpl	cmpl	1,1,1,1,1,1,2,1,2,1,1,0,0,-1,
1151	NM_001388087.1	chr7	-	74210489	74267901	74211000	74251500	15	74210489,74216310,74217638,74219117,74221274,74225429,74227271,74234083,74234498,74236954,74237151,74239461,74247927,74251401,74267662,	74212604,74216354,74217822,74219201,74221352,74225486,74227349,74234127,74234553,74236983,74237335,74239581,74248066,74251505,74267901,	0	GTF2IRD2	cmpl	cmpl	1,2,1,1,1,1,1,2,1,2,1,1,0,0,-1,
1151	NM_001388080.1	chr7	-	74210489	74267901	74211000	74251500	15	74210489,74216325,74217638,74219117,74221274,74225429,74227271,74234083,74234498,74236954,74237151,74239461,74247927,74251401,74267662,	74212604,74216354,74217822,74219201,74221352,74225486,74227349,74234127,74234553,74236983,74237335,74239581,74248066,74251505,74267901,	0	GTF2IRD2	cmpl	cmpl	1,2,1,1,1,1,1,2,1,2,1,1,0,0,-1,
1151	NM_001388081.1	chr7	-	74210489	74267901	74211000	74251500	15	74210489,74216325,74217638,74219117,74221274,74223444,74225429,74234083,74234498,74236954,74237151,74239461,74247927,74251401,74267662,	74212604,74216354,74217822,74219201,74221352,74223510,74225486,74234127,74234553,74236983,74237335,74239581,74248066,74251505,74267901,	0	GTF2IRD2	cmpl	cmpl	1,2,1,1,1,1,1,2,1,2,1,1,0,0,-1,
1151	NM_001388082.1	chr7	-	74210489	74267901	74211000	74251500	14	74210489,74216325,74217638,74219117,74221274,74223444,74234083,74234498,74236954,74237151,74239461,74247927,74251401,74267662,	74212604,74216354,74217822,74219201,74221352,74223510,74234127,74234553,74236983,74237335,74239581,74248066,74251505,74267901,	0	GTF2IRD2	cmpl	cmpl	1,2,1,1,1,1,2,1,2,1,1,0,0,-1,
1151	NM_001388083.1	chr7	-	74210489	74267901	74211000	74251500	14	74210489,74216325,74217638,74219117,74221274,74223444,74225429,74227271,74234083,74234498,74239461,74247927,74251401,74267662,	74212604,74216354,74217822,74219201,74221352,74223510,74225486,74227349,74234127,74234553,74239581,74248066,74251505,74267901,	0	GTF2IRD2	cmpl	cmpl	1,2,1,1,1,1,1,1,2,1,1,0,0,-1,
1151	NR_170887.1	chr7	-	74210489	74235167	74235167	74235167	10	74210489,74216325,74217638,74219117,74221274,74223444,74225429,74227271,74234083,74234498,	74212604,74216354,74217822,74219201,74221352,74223526,74225486,74227349,74234127,74235167,	0	GTF2IRD2	none	none	-1,-1,-1,-1,-1,-1,-1,-1,-1,-1,
1151	NR_170888.1	chr7	-	74210489	74235167	74235167	74235167	9	74210489,74217638,74219117,74221274,74223444,74225429,74227271,74234083,74234498,	74212604,74217822,74219201,74221352,74223526,74225486,74227349,74234127,74235167,	0	GTF2IRD2	none	none	-1,-1,-1,-1,-1,-1,-1,-1,-1,
1151	NR_170885.1	chr7	-	74210489	74267901	74267901	74267901	17	74210489,74216325,74217638,74219117,74221274,74223444,74225429,74227271,74234083,74234498,74236954,74237151,74239461,74247927,74251401,74265431,74267662,	74212604,74216354,74217822,74219201,74221352,74223526,74225486,74227349,74234127,74234553,74237054,74237335,74239581,74248066,74251505,74266610,74267901,	0	GTF2IRD2	none	none	-1,-1,-1,-1,-1,-1,-1,-1,-1,-1,-1,-1,-1,-1,-1,-1,-1,
1151	NR_170881.1	chr7	-	74210489	74267901	74267901	74267901	16	74210489,74216325,74217638,74219117,74221274,74223444,74225429,74227271,74234083,74234498,74236954,74237151,74239461,74247927,74251401,74267662,	74212604,74216354,74217822,74219201,74221352,74223510,74225486,74227349,74234127,74234553,74237054,74237335,74239581,74248066,74251505,74267901,	0	GTF2IRD2	none	none	-1,-1,-1,-1,-1,-1,-1,-1,-1,-1,-1,-1,-1,-1,-1,-1,
1151	NR_170882.1	chr7	-	74210489	74267901	74267901	74267901	15	74210489,74216310,74217638,74219117,74221274,74223444,74225429,74227271,74234083,74234498,74237151,74239461,74247927,74251401,74267662,	74212604,74216354,74217822,74219201,74221352,74223526,74225486,74227349,74234127,74234553,74237335,74239581,74248066,74251505,74267901,	0	GTF2IRD2	none	none	-1,-1,-1,-1,-1,-1,-1,-1,-1,-1,-1,-1,-1,-1,-1,
1151	NR_170886.1	chr7	-	74210489	74267901	74267901	74267901	15	74210489,74216325,74217638,74219117,74221274,74223444,74225429,74227271,74234083,74234498,74237151,74239461,74247927,74251401,74267662,	74212604,74216354,74217822,74219201,74221352,74223510,74225486,74227349,74234127,74234553,74237335,74239581,74248066,74251505,74267901,	0	GTF2IRD2	none	none	-1,-1,-1,-1,-1,-1,-1,-1,-1,-1,-1,-1,-1,-1,-1,
1151	NR_170883.1	chr7	-	74210489	74267901	74267901	74267901	14	74210489,74216325,74217638,74219117,74223444,74225429,74227271,74234083,74234498,74237151,74239461,74247927,74251401,74267662,	74212604,74216354,74217822,74219201,74223510,74225486,74227349,74234127,74234553,74237335,74239581,74248066,74251505,74267901,	0	GTF2IRD2	none	none	-1,-1,-1,-1,-1,-1,-1,-1,-1,-1,-1,-1,-1,-1,
1151	NR_170884.1	chr7	-	74210489	74267901	74267901	74267901	14	74210489,74216325,74217638,74219117,74221274,74223444,74225429,74234083,74234498,74237151,74239461,74247927,74251401,74267662,	74212604,74216354,74217822,74219201,74221352,74223510,74225486,74234127,74234553,74237335,74239581,74248066,74251505,74267901,	0	GTF2IRD2	none	none	-1,-1,-1,-1,-1,-1,-1,-1,-1,-1,-1,-1,-1,-1,
1151	NM_001281447.3	chr7	-	74247680	74267901	74247838	74251500	3	74247680,74251401,74267662,	74248066,74251505,74267901,	0	GTF2IRD2	cmpl	cmpl	0,0,-1,
1151	NR_040584.2	chr7	-	74298091	74306731	74306731	74306731	8	74298091,74299454,74299833,74300249,74300539,74303803,74304432,74306508,	74299147,74299569,74299941,74300329,74300638,74303920,74304518,74306731,	0	STAG3L2	none	none	-1,-1,-1,-1,-1,-1,-1,-1,
143	NR_027776.2	chr7	+	74306886	74322330	74322330	74322330	6	74306886,74310232,74312262,74313767,74317003,74321682,	74306965,74310372,74312349,74313951,74317092,74322330,	0	PMS2P5	none	none	-1,-1,-1,-1,-1,-1,
143	NR_027775.2	chr7	+	74306886	74322330	74322330	74322330	7	74306886,74310232,74312262,74312525,74313767,74317003,74321682,	74306965,74310372,74312349,74312628,74313951,74317092,74322330,	0	PMS2P5	none	none	-1,-1,-1,-1,-1,-1,-1,
143	NR_027777.2	chr7	+	74306886	74336166	74336166	74336166	4	74306886,74310232,74313767,74335466,	74306965,74310372,74313951,74336166,	0	PMS2P5	none	none	-1,-1,-1,-1,
1152	NM_001382555.2	chr7	-	74320393	74331167	74322774	74329363	8	74320393,74322729,74322956,74325621,74326936,74328028,74329233,74331045,	74321876,74322834,74323200,74325707,74326995,74328247,74329816,74331167,	0	SPDYE12	cmpl	cmpl	-1,0,2,0,1,1,0,-1,
1152	NM_001145064.3	chr7	+	74422143	74445631	74422143	74438803	10	74422143,74422150,74422155,74431765,74432157,74433139,74434206,74436041,74438543,74438737,	74422149,74422154,74422230,74431959,74432290,74433263,74434317,74436124,74438638,74445631,	0	CASTOR2	cmpl	cmpl	0,0,1,1,0,1,2,2,1,0,
17	NM_148842.3	chr7	-	74441222	74489638	74442135	74489573	11	74441222,74466817,74470007,74471635,74474399,74477019,74479106,74480394,74482476,74486453,74489249,	74442183,74466903,74470181,74471723,74474581,74477104,74479158,74480461,74482605,74486583,74489638,	0	RCC1L	cmpl	cmpl	0,1,1,0,1,0,2,1,1,0,0,
1153	NM_001363447.2	chr7	-	74456290	74489638	74457139	74486508	11	74456290,74466817,74470007,74471635,74474399,74477019,74479106,74480394,74482476,74486453,74489015,	74457217,74466903,74470181,74471723,74474581,74477104,74479158,74480461,74482605,74486583,74489638,	0	RCC1L	cmpl	cmpl	0,1,1,0,1,0,2,1,1,0,-1,
1153	NM_030798.5	chr7	-	74456290	74489638	74457139	74489573	11	74456290,74466817,74470007,74471635,74474399,74477019,74479106,74480394,74482476,74486453,74489249,	74457217,74466903,74470181,74471723,74474581,74477104,74479158,74480461,74482605,74486583,74489638,	0	RCC1L	cmpl	cmpl	0,1,1,0,1,0,2,1,1,0,0,
1153	NM_001281441.2	chr7	-	74470619	74489638	74470811	74489573	9	74470619,74471635,74474399,74477019,74479106,74480394,74482476,74486453,74489249,	74470831,74471723,74474581,74477104,74479158,74480461,74482605,74486583,74489638,	0	RCC1L	cmpl	cmpl	1,0,1,0,2,1,1,0,0,
1153	NM_001368301.1	chr7	+	74508346	74528493	74524756	74528418	3	74508346,74524751,74528190,	74508556,74524855,74528493,	0	GTF2IRD2B	cmpl	cmpl	-1,0,0,
1153	NM_001003795.3	chr7	+	74508380	74565623	74524756	74565103	16	74508380,74524751,74528190,74536691,74538936,74539288,74541716,74542142,74548942,74550810,74552591,74554757,74556909,74558288,74559756,74563499,	74508556,74524855,74528329,74536811,74539120,74539317,74541771,74542186,74549020,74550867,74552657,74554835,74556993,74558472,74559785,74565623,	0	GTF2IRD2B	cmpl	cmpl	-1,0,0,1,1,2,1,2,1,1,1,1,1,1,2,1,
1153	NM_001368302.1	chr7	+	74509822	74565623	74510339	74565103	16	74509822,74524751,74528190,74536691,74538936,74539288,74541716,74542142,74548942,74550810,74552591,74554757,74556909,74558288,74559756,74563499,	74510820,74524855,74528329,74536811,74539120,74539317,74541771,74542186,74549020,74550867,74552657,74554835,74556993,74558472,74559785,74565623,	0	GTF2IRD2B	cmpl	cmpl	0,1,0,1,1,2,1,2,1,1,1,1,1,1,2,1,
144	NR_003187.3	chr7	-	74572383	74587802	74587802	74587802	11	74572383,74573055,74573671,74576463,74578130,74578701,74580928,74582341,74582606,74584437,74587675,	74572721,74573201,74573776,74576581,74578238,74578824,74580984,74582507,74582682,74584516,74587802,	0	NCF1C	none	none	-1,-1,-1,-1,-1,-1,-1,-1,-1,-1,-1,
1154	NR_002206.3	chr7	-	74601103	74653454	74653454	74653454	24	74601103,74602941,74603795,74604933,74606257,74607765,74608617,74609623,74610377,74612334,74612695,74613669,74615370,74615840,74616840,74618257,74623675,74625096,74626246,74627797,74629124,74631471,74632868,74653039,	74602248,74603017,74603837,74604975,74606286,74607949,74608701,74609704,74610433,74612518,74612761,74613771,74615445,74615899,74617024,74618329,74623734,74625280,74626318,74627856,74629308,74631537,74632979,74653454,	0	GTF2IP1	none	none	-1,-1,-1,-1,-1,-1,-1,-1,-1,-1,-1,-1,-1,-1,-1,-1,-1,-1,-1,-1,-1,-1,-1,-1,
1156	NM_001382563.2	chr7	+	74909857	74918576	74910310	74916196	7	74909857,74911441,74912693,74913980,74915770,74916136,74917094,	74910440,74911660,74912752,74914066,74916014,74916241,74918576,	0	SPDYE13	cmpl	cmpl	0,1,1,0,2,0,-1,
1156	NM_001382494.2	chr7	+	74922382	74946586	74938328	74944219	10	74922382,74926542,74929997,74937875,74939461,74940713,74941999,74943793,74944159,74945117,	74922436,74926551,74930032,74938458,74939680,74940772,74942085,74944037,74944264,74946586,	0	SPDYE14	cmpl	cmpl	-1,-1,-1,0,1,1,0,2,0,-1,
1156	NM_001382495.2	chr7	+	74930647	74946586	74938328	74944219	9	74930647,74934755,74937867,74939461,74940713,74941999,74943793,74944159,74945117,	74930662,74934763,74938458,74939680,74940772,74942085,74944037,74944264,74946586,	0	SPDYE14	cmpl	cmpl	-1,-1,0,1,1,0,2,0,-1,
1156	NM_001394940.1	chr7	+	74936528	74946599	74938328	74944219	8	74936528,74937875,74939461,74940713,74941999,74943793,74944159,74945117,	74936650,74938458,74939680,74940772,74942085,74944037,74944264,74946599,	0	SPDYE14	cmpl	cmpl	-1,0,1,1,0,2,0,-1,
144	NM_001382547.2	chr7	+	74964555	74974618	74966355	74972238	8	74964555,74965902,74967484,74968736,74970023,74971812,74972178,74973136,	74964677,74966485,74967703,74968795,74970109,74972056,74972283,74974618,	0	SPDYE15	cmpl	cmpl	-1,0,1,1,0,2,0,-1,
144	NR_003614.3	chr7	-	74973158	74988251	74988251	74988251	5	74973158,74981056,74982815,74984789,74988197,	74973330,74981240,74982902,74984929,74988251,	0	PMS2P2	none	none	-1,-1,-1,-1,-1,
1157	NR_040583.2	chr7	+	74988446	74997085	74997085	74997085	10	74988446,74990340,74990643,74991241,74993901,74994523,74994832,74995220,74995592,74996017,	74988678,74990479,74990729,74991358,74994025,74994622,74994912,74995328,74995707,74997085,	0	STAG3L1	none	none	-1,-1,-1,-1,-1,-1,-1,-1,-1,-1,
1157	NR_003602.3	chr7	-	75021222	75024735	75024735	75024735	5	75021222,75022780,75023540,75024291,75024498,	75021729,75022841,75023630,75024409,75024735,	0	LOC541473	none	none	-1,-1,-1,-1,-1,
1157	NM_198924.4	chr7	+	75024902	75034888	75028217	75034491	5	75024902,75028199,75032927,75034121,75034464,	75025084,75028616,75033023,75034352,75034888,	0	TRIM73	cmpl	cmpl	-1,0,0,0,0,
1157	NR_104013.1	chr7	+	75039604	75046071	75046071	75046071	8	75039604,75039888,75040937,75042066,75044162,75044397,75044869,75045553,	75039743,75040009,75041042,75042210,75044301,75044512,75045469,75046071,	0	NSUN5P1	none	none	-1,-1,-1,-1,-1,-1,-1,-1,
1157	NR_033322.3	chr7	+	75039604	75046071	75046071	75046071	11	75039604,75039888,75040690,75040937,75042066,75044162,75044397,75044869,75045258,75045553,75045764,	75039743,75040009,75040857,75041042,75042210,75044301,75044512,75045056,75045469,75045694,75046071,	0	NSUN5P1	none	none	-1,-1,-1,-1,-1,-1,-1,-1,-1,-1,-1,
144	NM_001099415.3	chr7	-	75046064	75115576	75048078	75070774	15	75046064,75048602,75050791,75053331,75053808,75054356,75054917,75055643,75066792,75068421,75070231,75070709,75103969,75104327,75115140,	75048176,75048725,75052486,75053508,75053911,75054478,75054991,75055735,75066964,75068502,75070393,75070925,75104148,75104454,75115576,	0	POM121C	cmpl	cmpl	1,1,1,1,0,1,2,0,2,2,2,0,-1,-1,-1,
144	NR_160303.1	chr7	-	75074341	75115576	75115576	75115576	5	75074341,75103969,75104327,75113474,75115140,	75075228,75104148,75104454,75113596,75115576,	0	POM121C	none	none	-1,-1,-1,-1,-1,
144	NR_160304.1	chr7	-	75074341	75115576	75115576	75115576	5	75074341,75103969,75104327,75113474,75115140,	75075228,75104148,75104454,75113577,75115576,	0	POM121C	none	none	-1,-1,-1,-1,-1,
1158	NM_001306141.4	chr7	+	75121597	75133640	75123367	75131261	9	75121597,75122946,75124474,75125996,75127260,75128554,75130685,75131201,75132156,	75121719,75123527,75124693,75126227,75127319,75128640,75131079,75131306,75133640,	0	SPDYE5	cmpl	cmpl	-1,0,1,1,1,0,2,0,-1,
1158	NR_028059.1	chr7	-	75137068	75157453	75157453	75157453	9	75137068,75140252,75141632,75141912,75143969,75145042,75145419,75155233,75156894,	75137189,75140436,75141745,75141999,75144109,75145153,75145546,75155292,75157453,	0	PMS2P3	none	none	-1,-1,-1,-1,-1,-1,-1,-1,-1,
144	NM_001382445.1	chr7	-	75162618	75241134	75167492	75241016	31	75162618,75168642,75171237,75172169,75173992,75174385,75176236,75177052,75178188,75182751,75183411,75183738,75184719,75185329,75186013,75186957,75187470,75189035,75190632,75191376,75192238,75192491,75197502,75203065,75210552,75211390,75216070,75221373,75221689,75228501,75240983,	75167545,75168751,75171299,75172293,75174098,75174486,75176330,75177111,75178299,75182888,75183519,75183825,75184855,75185473,75186115,75187074,75187559,75189219,75190705,75191474,75192379,75192567,75197560,75203206,75210614,75211467,75216151,75221430,75221832,75228565,75241134,	0	HIP1	cmpl	cmpl	1,0,1,0,2,0,2,0,0,1,1,1,0,0,0,0,1,0,2,0,0,2,1,1,2,0,0,0,1,0,0,
144	NM_001382444.1	chr7	-	75162618	75268560	75167492	75268386	31	75162618,75168642,75171237,75172169,75173992,75174385,75176236,75177052,75178188,75182751,75183411,75183738,75184719,75185329,75186013,75186957,75187470,75189035,75190632,75191376,75192238,75192491,75197502,75203065,75210552,75211390,75216070,75221373,75221689,75228501,75268368,	75167545,75168751,75171299,75172293,75174098,75174486,75176330,75177111,75178299,75182888,75183519,75183825,75184855,75185473,75186115,75187074,75187559,75189219,75190705,75191474,75192379,75192567,75197560,75203206,75210614,75211467,75216151,75221430,75221832,75228565,75268560,	0	HIP1	cmpl	cmpl	1,0,1,0,2,0,2,0,0,1,1,1,0,0,0,0,1,0,2,0,0,2,1,1,2,0,0,0,1,0,0,
144	NM_005338.7	chr7	-	75162618	75368259	75167492	75368238	31	75162618,75168642,75171237,75172169,75173992,75174385,75176236,75177052,75178188,75182751,75183411,75183738,75184719,75185329,75186013,75186957,75187470,75189035,75190632,75191376,75192238,75192491,75197502,75203065,75210552,75211390,75216070,75221373,75221689,75228501,75368118,	75167545,75168751,75171299,75172293,75174098,75174486,75176330,75177111,75178299,75182888,75183519,75183825,75184855,75185473,75186115,75187074,75187559,75189219,75190705,75191474,75192379,75192567,75197560,75203206,75210614,75211467,75216151,75221430,75221832,75228565,75368259,	0	HIP1	cmpl	cmpl	1,0,1,0,2,0,2,0,0,1,1,1,0,0,0,0,1,0,2,0,0,2,1,1,2,0,0,0,1,0,0,
144	NM_001243198.3	chr7	-	75162618	75368259	75167492	75368238	29	75162618,75168642,75171237,75172169,75173992,75174385,75178188,75182751,75183411,75183738,75184719,75185329,75186013,75186957,75187470,75189035,75190632,75191376,75192238,75192491,75197502,75203065,75210552,75211390,75216070,75221373,75221689,75228501,75368118,	75167545,75168751,75171299,75172293,75174098,75174486,75178299,75182888,75183519,75183825,75184855,75185473,75186115,75187074,75187559,75189219,75190705,75191474,75192379,75192567,75197560,75203206,75210614,75211467,75216151,75221430,75221832,75228565,75368259,	0	HIP1	cmpl	cmpl	1,0,1,0,2,0,0,1,1,1,0,0,0,0,1,0,2,0,0,2,1,1,2,0,0,0,1,0,0,
1160	NM_006072.4	chr7	-	75398841	75419064	75399010	75401494	4	75398841,75401206,75401421,75419034,	75399107,75401321,75401572,75419064,	0	CCL26	cmpl	cmpl	2,1,0,-1,
1160	NM_001371938.1	chr7	-	75398855	75401529	75399010	75401494	3	75398855,75401206,75401421,	75399107,75401321,75401529,	0	CCL26	cmpl	cmpl	2,1,0,
1160	NM_001371936.1	chr7	-	75398855	75420915	75399010	75401494	4	75398855,75401206,75401421,75420785,	75399107,75401321,75401572,75420915,	0	CCL26	cmpl	cmpl	2,1,0,-1,
1160	NM_002991.3	chr7	-	75440142	75443124	75441113	75443033	3	75440142,75442623,75442960,	75441282,75442741,75443124,	0	CCL24	cmpl	cmpl	2,1,0,
1160	NM_001371193.1	chr7	-	75440142	75452690	75441113	75443033	4	75440142,75442623,75442960,75452639,	75441282,75442741,75443092,75452690,	0	CCL24	cmpl	cmpl	2,1,0,-1,
1161	NM_001346189.2	chr7	+	75508351	75518244	75508400	75517667	3	75508351,75513051,75517309,	75508578,75513166,75518244,	0	RHBDD2	cmpl	cmpl	0,1,2,
1161	NM_001346188.2	chr7	+	75508351	75518244	75508400	75517667	3	75508351,75513015,75517309,	75508578,75513166,75518244,	0	RHBDD2	cmpl	cmpl	0,1,2,
1161	NM_001346187.2	chr7	+	75508351	75518244	75511391	75517667	4	75508351,75511153,75513015,75517309,	75508578,75511554,75513166,75518244,	0	RHBDD2	cmpl	cmpl	-1,0,1,2,
1161	NM_001040456.3	chr7	+	75508351	75518244	75508400	75517667	4	75508351,75511146,75513015,75517309,	75508578,75511554,75513166,75518244,	0	RHBDD2	cmpl	cmpl	0,1,1,2,
1161	NM_001040457.3	chr7	+	75508351	75518244	75511391	75517667	5	75508351,75510682,75511146,75513015,75517309,	75508578,75510804,75511554,75513166,75518244,	0	RHBDD2	cmpl	cmpl	-1,-1,0,1,2,
1161	NM_001346186.2	chr7	+	75508351	75518244	75511391	75517667	6	75508351,75509563,75510682,75511146,75513015,75517309,	75508578,75509633,75510804,75511554,75513166,75518244,	0	RHBDD2	cmpl	cmpl	-1,-1,-1,0,1,2,
1161	NR_144391.2	chr7	+	75508351	75518244	75518244	75518244	3	75508351,75510682,75517309,	75508578,75510804,75518244,	0	RHBDD2	none	none	-1,-1,-1,
1161	NR_144390.2	chr7	+	75508351	75518244	75518244	75518244	4	75508351,75510682,75513051,75517309,	75508578,75510804,75513166,75518244,	0	RHBDD2	none	none	-1,-1,-1,-1,
1161	NM_001382657.2	chr7	+	75544472	75616172	75583319	75615799	17	75544472,75551419,75583306,75601730,75608768,75609656,75610365,75610834,75611541,75612837,75613055,75614094,75614375,75614896,75615240,75615476,75615654,	75544497,75551518,75583498,75601779,75608897,75609806,75610490,75610924,75611640,75612954,75613174,75614276,75614525,75615167,75615386,75615559,75616172,	0	POR	cmpl	cmpl	-1,-1,0,2,0,0,0,2,2,2,2,1,0,0,1,0,2,
1161	NM_001395413.1	chr7	+	75544472	75616173	75583319	75615799	16	75544472,75583306,75601730,75608768,75609656,75610365,75610834,75611541,75612837,75613055,75614094,75614375,75614896,75615240,75615476,75615654,	75544497,75583498,75601779,75608897,75609806,75610490,75610924,75611640,75612954,75613174,75614276,75614525,75615167,75615386,75615559,75616173,	0	POR	cmpl	cmpl	-1,0,2,0,0,0,2,2,2,2,1,0,0,1,0,2,
1161	NM_001382655.3	chr7	+	75544472	75616173	75583319	75615799	17	75544472,75583306,75586225,75601730,75608768,75609656,75610365,75610834,75611541,75612837,75613055,75614094,75614375,75614896,75615240,75615476,75615654,	75544497,75583498,75586279,75601779,75608897,75609806,75610490,75610924,75611640,75612954,75613174,75614276,75614525,75615167,75615386,75615559,75616173,	0	POR	cmpl	cmpl	-1,0,2,2,0,0,0,2,2,2,2,1,0,0,1,0,2,
1161	NM_001382658.3	chr7	+	75544472	75616173	75583319	75615799	17	75544472,75576089,75583306,75601730,75608768,75609656,75610365,75610834,75611541,75612837,75613055,75614094,75614375,75614896,75615240,75615476,75615654,	75544497,75576562,75583498,75601779,75608897,75609806,75610490,75610924,75611640,75612954,75613174,75614276,75614525,75615167,75615386,75615559,75616173,	0	POR	cmpl	cmpl	-1,-1,0,2,0,0,0,2,2,2,2,1,0,0,1,0,2,
1161	NM_001367562.3	chr7	+	75544472	75616173	75583319	75615799	17	75544472,75544978,75583306,75601730,75608768,75609656,75610365,75610834,75611541,75612837,75613055,75614094,75614375,75614896,75615240,75615476,75615654,	75544497,75545085,75583498,75601779,75608897,75609806,75610490,75610924,75611640,75612954,75613174,75614276,75614525,75615167,75615386,75615559,75616173,	0	POR	cmpl	cmpl	-1,-1,0,2,0,0,0,2,2,2,2,1,0,0,1,0,2,
1161	NM_001382659.3	chr7	+	75544472	75616173	75583319	75615799	16	75544472,75583306,75601730,75608768,75609656,75610365,75610834,75611541,75612837,75613055,75614094,75614375,75614896,75615240,75615476,75615654,	75544531,75583498,75601779,75608897,75609806,75610490,75610924,75611640,75612954,75613174,75614276,75614525,75615167,75615386,75615559,75616173,	0	POR	cmpl	cmpl	-1,0,2,0,0,0,2,2,2,2,1,0,0,1,0,2,
1161	NM_001382662.3	chr7	+	75544472	75616173	75583319	75615799	15	75544472,75583306,75601730,75608768,75609656,75610365,75610834,75611541,75612837,75613055,75614094,75614896,75615240,75615476,75615654,	75544984,75583498,75601779,75608897,75609806,75610490,75610924,75611640,75612954,75613174,75614276,75615167,75615386,75615559,75616173,	0	POR	cmpl	cmpl	-1,0,2,0,0,0,2,2,2,2,1,0,1,0,2,
1161	NR_039795.1	chr7	+	75544514	75544587	75544587	75544587	1	75544514,	75544587,	0	MIR4651	none	none	-1,
1161	NR_002955.1	chr7	+	75573100	75573234	75573234	75573234	1	75573100,	75573234,	0	SNORA14A	none	none	-1,
1161	NM_001363462.2	chr7	-	75616148	75623913	75616721	75623888	10	75616148,75616677,75617035,75617240,75617400,75617738,75618482,75621461,75621756,75623807,	75616603,75616746,75617128,75617302,75617659,75617834,75618542,75621578,75621875,75623913,	0	TMEM120A	cmpl	cmpl	-1,2,2,0,2,2,2,2,0,0,
1161	NM_031925.3	chr7	-	75616148	75623913	75616489	75623888	12	75616148,75616677,75616855,75617035,75617240,75617400,75617569,75617738,75618482,75621461,75621756,75623807,	75616603,75616746,75616920,75617128,75617302,75617466,75617659,75617834,75618542,75621578,75621875,75623913,	0	TMEM120A	cmpl	cmpl	0,0,1,1,2,2,2,2,2,2,0,0,
1161	NM_001317803.2	chr7	-	75616148	75623913	75616349	75623888	12	75616148,75616677,75616855,75617035,75617240,75617400,75617569,75617738,75618482,75621461,75621756,75623807,	75616541,75616746,75616920,75617128,75617302,75617466,75617659,75617834,75618542,75621578,75621875,75623913,	0	TMEM120A	cmpl	cmpl	0,0,1,1,2,2,2,2,2,2,0,0,
1161	NR_156695.2	chr7	-	75616148	75623913	75623913	75623913	11	75616148,75616677,75617035,75617240,75617400,75617569,75617738,75618482,75621461,75621756,75623807,	75616603,75616746,75617128,75617302,75617466,75617659,75617834,75618542,75621578,75621875,75623913,	0	TMEM120A	none	none	-1,-1,-1,-1,-1,-1,-1,-1,-1,-1,-1,
145	NM_001317789.1	chr7	-	75625654	75659842	75625785	75651207	7	75625654,75630207,75633075,75634576,75651168,75657959,75659738,	75625917,75630320,75633173,75634722,75651310,75658021,75659842,	0	STYXL1	cmpl	cmpl	0,1,2,0,0,-1,-1,
145	NR_134487.1	chr7	-	75625654	75659842	75659842	75659842	7	75625654,75633075,75634576,75643059,75651168,75657959,75659738,	75625917,75633173,75634722,75643205,75651310,75658021,75659842,	0	STYXL1	none	none	-1,-1,-1,-1,-1,-1,-1,
145	NM_001317785.2	chr7	-	75625659	75677318	75625785	75659841	9	75625659,75630207,75633075,75634576,75643059,75651168,75657959,75659738,75676979,	75625917,75630320,75633173,75634722,75643205,75651310,75658021,75659845,75677318,	0	STYXL1	cmpl	cmpl	0,1,2,0,1,0,1,0,-1,
145	NM_016086.3	chr7	-	75625659	75677318	75625785	75659841	9	75625659,75630207,75633075,75634576,75643059,75651168,75657959,75659738,75676979,	75625917,75630320,75633173,75634722,75643205,75651310,75658021,75659842,75677318,	0	STYXL1	cmpl	cmpl	0,1,2,0,1,0,1,0,-1,
145	NM_001317786.2	chr7	-	75625659	75677318	75625785	75659841	9	75625659,75630207,75633075,75634576,75643059,75651168,75657959,75659738,75677129,	75625917,75630320,75633173,75634722,75643205,75651310,75658021,75659845,75677318,	0	STYXL1	cmpl	cmpl	0,1,2,0,1,0,1,0,-1,
145	NM_001317787.2	chr7	-	75625659	75677318	75625785	75659841	7	75625659,75630207,75633075,75634576,75657959,75659738,75677129,	75625917,75630320,75633173,75634722,75658021,75659842,75677318,	0	STYXL1	cmpl	cmpl	0,1,2,0,1,0,-1,
145	NM_001317788.2	chr7	-	75625659	75677318	75630226	75659841	7	75625659,75630207,75633075,75634576,75657959,75659738,75677129,	75625917,75630273,75633173,75634722,75658021,75659842,75677318,	0	STYXL1	cmpl	cmpl	-1,1,2,0,1,0,-1,
145	NR_134486.2	chr7	-	75625659	75677318	75677318	75677318	7	75625659,75633075,75634576,75651168,75657959,75659738,75677129,	75625917,75633173,75634722,75651310,75658021,75659842,75677318,	0	STYXL1	none	none	-1,-1,-1,-1,-1,-1,-1,
1162	NM_001282404.2	chr7	+	75677423	75696826	75687288	75695728	8	75677423,75686727,75687286,75689690,75692832,75693656,75694119,75695596,	75677544,75686811,75687396,75689816,75692910,75693756,75694271,75696826,	0	MDH2	cmpl	cmpl	-1,-1,0,0,0,0,1,0,
1162	NM_001282403.2	chr7	+	75677423	75696826	75677478	75695728	8	75677423,75684147,75686727,75687286,75692832,75693656,75694119,75695596,	75677544,75684316,75686811,75687396,75692910,75693756,75694271,75696826,	0	MDH2	cmpl	cmpl	0,0,1,1,0,0,1,0,
1162	NM_005918.4	chr7	+	75677423	75696826	75677478	75695728	9	75677423,75684147,75686727,75687286,75689690,75692832,75693656,75694119,75695596,	75677544,75684316,75686811,75687396,75689816,75692910,75693756,75694271,75696826,	0	MDH2	cmpl	cmpl	0,0,1,1,0,0,0,1,0,
1162	NR_104165.2	chr7	+	75677423	75678365	75678365	75678365	2	75677423,75677893,	75677544,75678365,	0	MDH2	none	none	-1,-1,
1162	NR_135079.1	chr7	-	75721380	75738080	75738080	75738080	6	75721380,75722614,75728757,75729215,75737548,75737752,	75721484,75722719,75728832,75729274,75737627,75738080,	0	GTF2IP7	none	none	-1,-1,-1,-1,-1,-1,
145	NM_001110199.3	chr7	+	75831213	75916604	75864384	75915160	16	75831213,75864345,75877505,75889223,75889434,75890191,75890669,75890863,75894082,75894681,75896575,75910758,75911965,75912281,75914932,75914936,	75831385,75864617,75877607,75889352,75889515,75890221,75890732,75890899,75894133,75894786,75896753,75911120,75912190,75912419,75914934,75916604,	0	SRRM3	cmpl	cmpl	-1,0,2,2,2,2,2,2,2,2,2,0,2,2,2,1,
145	NM_001291831.2	chr7	+	75831213	75916604	75864384	75915144	17	75831213,75864345,75877505,75889223,75889434,75890191,75890669,75890863,75894082,75894681,75896575,75910758,75911965,75912281,75912841,75914932,75914936,	75831385,75864617,75877607,75889352,75889515,75890221,75890732,75890899,75894133,75894786,75896753,75911120,75912190,75912419,75912920,75914934,75916604,	0	SRRM3	cmpl	cmpl	-1,0,2,2,2,2,2,2,2,2,2,0,2,2,2,0,2,
1164	NM_001540.5	chr7	+	75931989	75933609	75932029	75933490	3	75931989,75933118,75933300,	75932393,75933182,75933609,	0	HSPB1	cmpl	cmpl	0,1,2,
1164	NM_012479.4	chr7	-	75956115	75988308	75958893	75988125	2	75956115,75988038,	75959550,75988308,	0	YWHAG	cmpl	cmpl	0,0,
145	NM_080744.2	chr7	-	76018653	76039014	76019375	76033756	11	76018653,76021280,76022721,76023146,76024569,76026834,76028036,76029602,76030324,76033623,76038730,	76019692,76021358,76023033,76023221,76024647,76027149,76028114,76029908,76030360,76033822,76039014,	0	SSC4D	cmpl	cmpl	1,1,1,1,1,1,1,1,1,0,-1,
1165	NM_007155.6	chr7	+	76026838	76071386	76054434	76071373	9	76026838,76054368,76058831,76062243,76062786,76063354,76069566,76069791,76071158,	76027114,76054593,76058950,76062347,76062964,76063472,76069658,76069928,76071386,	0	ZP3	cmpl	cmpl	-1,0,0,2,1,2,0,2,1,
1165	NM_001110354.2	chr7	+	76054266	76071386	76054281	76071373	8	76054266,76058831,76062243,76062786,76063354,76069566,76069791,76071158,	76054593,76058950,76062347,76062964,76063472,76069658,76069928,76071386,	0	ZP3	cmpl	cmpl	0,0,2,1,2,0,2,1,
1165	NM_001102595.3	chr7	+	76091025	76135308	76109826	76134918	10	76091025,76109737,76111824,76121469,76126653,76129757,76131614,76132742,76133672,76134690,	76091153,76110094,76112464,76121570,76126794,76129837,76131773,76132904,76133762,76135308,	0	DTX2	cmpl	cmpl	-1,0,1,2,1,1,0,0,0,0,
1165	NM_001102594.3	chr7	+	76091025	76135308	76109826	76134918	11	76091025,76092861,76109737,76111824,76121469,76126653,76129757,76131614,76132742,76133672,76134690,	76091153,76093026,76110094,76112464,76121570,76126794,76129837,76131773,76132904,76133762,76135308,	0	DTX2	cmpl	cmpl	-1,-1,0,1,2,1,1,0,0,0,0,
1165	NM_020892.4	chr7	+	76091025	76135308	76109826	76134918	12	76091025,76092861,76099616,76109737,76111824,76121469,76126653,76129757,76131614,76132742,76133672,76134690,	76091153,76093026,76099736,76110094,76112464,76121570,76126794,76129837,76131773,76132904,76133762,76135308,	0	DTX2	cmpl	cmpl	-1,-1,-1,0,1,2,1,1,0,0,0,0,
1165	NR_003262.1	chr7	-	76099336	76104317	76104317	76104317	1	76099336,	76104317,	0	FDPSP2	none	none	-1,
1165	NM_001102596.2	chr7	+	76109826	76135308	76109826	76134918	8	76109826,76111824,76121469,76129757,76131614,76132742,76133672,76134690,	76110094,76112464,76121570,76129837,76131773,76132904,76133762,76135308,	0	DTX2	cmpl	cmpl	0,1,2,1,0,0,0,0,
1165	NM_001347684.2	chr7	+	76139868	76145839	76139969	76144521	6	76139868,76140219,76140973,76142400,76143263,76144361,	76140054,76140369,76141199,76142480,76143393,76145839,	0	UPK3B	cmpl	cmpl	0,1,1,2,1,2,
1166	NM_001394943.1	chr7	-	76160629	76172614	76163010	76170776	9	76160629,76162965,76163192,76165488,76166809,76167902,76169444,76170616,76172492,	76162111,76163070,76163436,76165574,76166868,76168133,76169663,76171197,76172614,	0	SPDYE16	cmpl	cmpl	-1,0,2,0,1,1,1,0,-1,
1166	NM_001351597.1	chr7	-	76163010	76169703	76163010	76169703	6	76163010,76163192,76165488,76166809,76167902,76169444,	76163070,76163436,76165574,76166868,76168133,76169703,	0	SPDYE16	cmpl	cmpl	0,2,0,1,1,0,
1166	NR_029411.1	chr7	+	76178657	76257299	76257299	76257299	3	76178657,76180736,76255237,	76179178,76180839,76257299,	0	LINC03009	none	none	-1,-1,-1,
1166	NM_012230.5	chr7	-	76239302	76256596	76240781	76255381	7	76239302,76240770,76241038,76247499,76254838,76255316,76256024,	76239532,76240908,76241130,76247617,76255000,76255532,76256596,	0	POMZP3	cmpl	cmpl	-1,2,0,2,2,0,-1,
1166	NM_152992.4	chr7	-	76239302	76256596	76239529	76255381	5	76239302,76247499,76254838,76255316,76256024,	76239532,76247617,76255000,76255532,76256596,	0	POMZP3	cmpl	cmpl	0,2,2,0,-1,
